start
101509078#8 	ประตูทางเข้าถนนกัลปพฤกษ์ 
จันทร์	834	4.3	673	5.5	648	5.5
อังคาร	782	4.5	694	5.3	663	5.5
พุธ	816	4.3	679	5.3	746	4.8
พฤหัส	847	4.2	658	5.5	757	4.8
ศุกร์	768	5.0	653	5.5	646	5.5
-465356596	ประตูทางเข้าสามแยกตึกทันตกรรม
จันทร์	2136	1.7	2004	1.8	1128	3.2
อังคาร	2412	1.5	2748	1.3	1656	2.2
พุธ	2256	1.6	1692	2.1	1320	2.7
พฤหัส	1215	2.9	1464	2.4	996	3.6
ศุกร์	1331	2.7	1296	2.8	1056	3.4
		
101508979#0	ประตูทางเข้าหน้าศูนย์หัวใจสิริกิติ์
จันทร์	1495	2.4	1601	2.3	902	4.0
อังคาร	1939	1.9	1648	2.2	1692	2.1
พุธ	1579	2.3	1357	2.6	1056	3.4
พฤหัส	1034	3.4	1171	2.8	796	4.5
ศุกร์	1278	2.8	1324	2.7	1427	2.5

-34126308#0	ประตูโคลัมโบ 
จันทร์	2136	1.7	2004	1.8	1128	3.2
อังคาร	2412	1.5	2748	1.3	1656	2.2
พุธ	2256	1.6	1692	2.1	1320	2.7
พฤหัส	1215	2.9	1464	2.4	996	3.6
ศุกร์	1331	2.7	1296	2.8	1056	3.4
144059735	ประตูเจ้าพ่อมอ 
จันทร์	2136	1.7	2004	1.8	1128	3.2
อังคาร	2412	1.5	2748	1.3	1656	2.2
พุธ	2256	1.6	1692	2.1	1320	2.7
พฤหัส	1215	2.9	1464	2.4	996	3.6
ศุกร์	1331	2.7	1296	2.8	1056	3.4
101508979#2	ประตูหน้าโรงพยาบาลศรีนครินทร์ 
จันทร์	2136	1.7	2004	1.8	1128	3.2
อังคาร	2412	1.5	2748	1.3	1656	2.2
พุธ	2256	1.6	1692	2.1	1320	2.7
พฤหัส	1215	2.9	1464	2.4	996	3.6
ศุกร์	1331	2.7	1296	2.8	1056	3.4

83476833#14	ประตูสีฐาน
จันทร์	2136	1.7	2004	1.8	1128	3.2
อังคาร	2412	1.5	2748	1.3	1656	2.2
พุธ	2256	1.6	1692	2.1	1320	2.7
พฤหัส	1215	2.9	1464	2.4	996	3.6
ศุกร์	1331	2.7	1296	2.8	1056	3.4

69366749#0	ประตูหลังมอ
จันทร์	2136	1.7	2004	1.8	1128	3.2
อังคาร	2412	1.5	2748	1.3	1656	2.2
พุธ	2256	1.6	1692	2.1	1320	2.7
พฤหัส	1215	2.9	1464	2.4	996	3.6
ศุกร์	1331	2.7	1296	2.8	1056	3.4

stop
69709907#5	ตึกอธิการ
-69366767#12	คณะนิติ
-24836126#2	โรงเรียนสาธิต
790516991#2	คณะวิทยาศาสตร์
69366772#5	คณะKKBS
-33298495#1	โรงพยาบาล
115629724#4	ศูนย์อาหารแห่งที่1
69709912#1	หอ8หลัง
-69709912#3	หอ9หลัง
-69366770#4	หออินเตอร์
23841604#3	คณะมนุษย์


	
